50
4;10;19;21;2;13;20;21;23;27;17;19;27;6;9;10;13;0;10;11;15;25;1;2;4;7;14;18;21;0;1;3;4;9;15;19;2;6;10;17;19;23;24;25;8;10;13;15;25;2;3;4;9;10;12;13;14;18;25;8;12;20;24;3;5;7;14;17;24;26;27;2;5;9;22;1;11;18;27;0;1;3;5;16;18;23;24;27;28;2;4;8;11;14;17;20;0;2;5;6;7;11;15;18;20;21;24;25;0;8;14;20;21;23;2;13;14;19;20;1;8;12;25;1;3;13;16;21;1;5;8;12;17;26;28;3;9;12;16;19;22;27;14;20;27;28;9;14;20;24;26;28;2;4;9;10;12;18;19;20;21;24;28;1;3;4;6;7;11;12;17;18;20;24;4;9;26;4;5;12;15;16;17;19;20;24;25;27;28;0;4;6;9;13;16;18;21;24;28;2;13;14;16;17;18;22;24;28;3;4;6;8;11;12;17;18;22;24;1;7;9;19;3;7;12;13;19;25;27;2;9;10;11;15;17;21;27;0;11;12;21;5;17;21;27;0;3;5;11;14;15;28;1;8;10;15;19;20;26;0;2;3;4;9;14;21;26;1;3;11;17;18;23;25;26;3;8;12;14;16;23;24;0;2;6;9;10;13;14;16;17;23;24;5;19;25;0;2;3;6;10;12;16;17;19;21;1;5;6;7;8;9;12;14;15;20
0;4;10;13;17;17;22;29;36;44;49;59;63;71;75;79;89;96;108;114;119;119;123;128;135;142;146;146;152;163;174;177;189;199;208;218;222;229;230;237;241;245;252;259;267;275;282;293;296;306;316

229;23;277;127;177;96;55;126;127;23;121;240;78;240;240;96;96;126;23;126
0;2;4;6;8;10;12;14;16;18

129;273;81;97;39;270;270;97;199;216;216;68;230;251;97;251;251;273;68;273
0;2;4;6;8;10;12;14;16;18

154;79;106;18;183;259;10;264;259;22;22;79;79;89;89;18;18;264
0;2;4;6;8;10;12;14;16

30;40;178;269;282;136;108;269;136;269;92;40;269;172;172;40
0;2;4;6;8;10;12;14

312;113;241;256;313;213;258;113;59;311;311;213;256;112;112;309;168;113;309;113;44;166;213;213;309;44;309
0;2;4;6;8;10;12;14;16;19;21;23;25

93;152;228;116;173;207;77;152;116;209;209;124;152;152;41;207;306;306;41;41;82;82;124
0;2;4;6;8;10;13;15;17;19;21

157;148;287;70;70;33;148;175;33;33;237;237;148;279;148
0;2;4;7;9;11;13

293;125;61;144;250;195;0;5;69;190;26;190;5;38;195;190;190;125;144;202;202;38;38;125
0;2;4;6;8;10;12;14;16;18;20;22

43;76;35;155;149;224;36;155;203;224;224;298;107;76;155;90;90;14;76;14;14;288;288;298
0;2;4;6;8;10;12;14;16;18;20;22

184;300;64;24;67;50;182;291;249;300;128;50;3;245;245;50;291;50;50;24;24;300
0;2;4;6;8;10;12;14;16;18;20

169;160;99;52;11;160;221;28;28;32;32;88;45;283;52;165;165;196;283;160;160;196;196;88
0;2;4;6;8;10;12;14;16;18;20;22

63;181;137;307;192;307;185;307;46;289;289;281;281;15;307;15;15;120;120;181
0;2;4;6;8;10;12;14;16;18

239;179;48;37;42;180;130;227;278;8;238;227;179;227;227;180;180;8;8;37
0;2;4;6;8;10;12;14;16;18

109;117;215;262;254;4;204;4;197;188;188;302;302;117;4;262;262;117
0;2;4;6;8;10;12;14;16

20;53;244;53;211;145;280;51;102;54;54;53;145;214;214;51;51;243;243;53
0;2;4;6;8;10;12;14;16;18

242;133;85;110;295;200;133;75;75;200;193;206;206;110;200;110
0;2;4;6;8;10;12;14

101;29;29;119;268;218;17;218;218;151;119;286;286;187;187;151
0;2;4;6;8;10;12;14

305;146;274;146;263;235;143;140;310;140;235;222;222;174;174;114;114;146;140;142;142;159;159;146;138;146
0;2;4;6;8;10;12;14;16;18;20;22;24

261;65;147;299;9;2;2;65;217;161;161;299;19;299;299;65
0;2;4;6;8;10;12;14

60;233;57;247;134;167;47;247;247;27;290;233;7;167;167;233;233;27;27;131
0;2;4;6;8;10;12;14;16;18

71;253;84;205;83;111;225;66;66;205;205;267;267;111;253;111
0;2;4;6;8;10;12;14

208;191;257;12;21;156;156;232;191;158;301;248;86;248;248;158;158;12;12;232
0;2;4;6;8;10;12;14;16;18

100;284;255;98;98;122;122;308;308;284;284;91;91;25
0;2;4;6;8;10;12

210;186;297;304;163;304;49;115;265;265;115;115;186;304;186
0;2;4;6;9;11;13

72;294;95;80;266;153;294;260;296;105;212;212;153;153;56;80;296;296;294;294;56
0;2;4;7;9;11;13;15;17;19

198;171;236;219;171;16;201;103;103;234;234;285;16;285;285;219
0;2;4;6;8;10;12;14

73;220;314;123;170;271;132;62;62;271;271;220;194;220;123;87;87;164;164;220
0;2;4;6;8;10;12;14;16;18

226;189;231;176;246;94;31;176;135;189;176;94;94;223;189;223;223;139
0;2;4;6;8;10;12;14;16

74;118;162;276;276;6;6;58;58;275;275;303;118;303;292;303
0;2;4;6;8;10;12;14

1;104;272;315;13;315;150;252;141;252;252;34;34;104;315;104
0;2;4;6;8;10;12;14
